motif	fimo_bg_hg19	fimo_without_overlaps	fimo_without_overlaps_1e-2	fimo_without_overlaps_1e-3	fimo_without_overlaps_1e-5	fimo_without_overlaps_1e_6	fimo_without_overlaps_bg	fimo_without_overlaps_bg_1e_2	fimo_without_overlaps_bg_1e_3	fimo_without_overlaps_bg_1e_5	fimo_without_overlaps_bg_1e_6	fimo_with_overlaps	moods_without_overlaps	moods_without_overlaps_1e-2	moods_without_overlaps_1e-3	moods_without_overlaps_1e-5	moods_without_overlaps_1e_6	moods_without_overlaps_bg	moods_without_overlaps_bg_1e_2	moods_without_overlaps_bg_1e_3	moods_without_overlaps_new_bg	moods_without_overlaps_new_bg_1e_2	moods_without_overlaps_new_bg_1e_3	moods_without_overlaps_new_bg_1e_5	moods_without_overlaps_new_bg_1e_6	moods_with_overlaps
JUND_MA0491.1	0.16080595977921025	0.16045952845772637	0.015541470968699143	0.06290036273828818	0.11972166619006767	0.016822683489350156	0.16080595977921025	0.015459588937376964	0.06287794596666028	0.12780309936189607	0.02068502350570853	0.1185181077033997	0.15649763689989696	0.015051117956492827	0.0615738184422988	0.13515482695810566	0.01195606839983317	0.05634511049358211	0.003616576408098596	0.013422007614522478	0.16116534944986827	0.015448272700181098	0.06281584024991578	0.12567291627993318	0.024781144781144782	0.11652334964942453
USF1_MA0093.2	0.22464409781350045	0.25138365284350683	0.009958823917296153	0.050851778885154714	0.32365875109938436	0.12164639226795534	0.22464409781350045	0.009396393420282029	0.045912244466992526	0.36542767577250335	0.1602201003398608	0.23892658382252038	0.26825251601097894	0.010192694765362135	0.05405878674171357	0.27474472430224645	0.05953002610966057	0.047503473029292365	0.002737032088811408	0.009110111336506726	0.2244605299098607	0.00945969423210563	0.04585403526837431	0.36026669680189854	0.11569416498993963	0.25593575418994413
Atf3_MA0605.1	0.03844208396560445	0.03663323157435674	0.002929396747320138	0.012891389432485323	0	0	0.03844208396560445	0.0028054392312967125	0.01419094598206692	0	0	0.036321706543672526	0.03727448933949605	0.0027081453429107795	0.012514955731036134	0.04580152671755725	0.04580152671755725	0.016276002029426688	0.0006577051139697672	0.004283803828056726	0.04024051803885292	0.0028059081512602324	0.014212185001764355	0.0437636761487965	0.0437636761487965	0.03696584356055005
ATF7_MA0834.1	0.1770483193277311	0.17651084438829226	0.1125233720313621	0.3060509287499851	0.03492865183923084	0.006250967043168807	0.1770483193277311	0.10992377860980326	0.3044406891048209	0.03664762367813298	0.008838891120932101	0.17139936102236422	0.1818749837286194	0.10768822294344316	0.30262458584465074	0.028768629367212313	0	0.25751755199364157	0.02291937129823027	0.05661776810860472	0.17502302934596659	0.10971696919922254	0.3045500458058303	0.031758610179823225	0	0.17595204513399154
ETS1_MA0098.3	0.13564721663313212	0.13882673411810487	0.006950764056232209	0.035682843792133274	0.14296814296814297	0.040746195385370644	0.13564721663313212	0.006255382876380122	0.03167120101347843	0.16948542641237854	0.058613295210864905	0.13834222006786234	0.13573677923770225	0.007524868991063354	0.037464445347419745	0.07466313231720786	0.018701036138488752	0.039333862014274384	0.001806257270303108	0.007925333699630268	0.13604754077633077	0.006419974447695843	0.031699478955414806	0.1584377302873987	0.036845983787767135	0.1353546291283162
RELA_MA0107.1	0.22914927615731356	0.23312656724297215	0.02799336569921482	0.12141319612665044	0.192199932758041	0.02876997915218902	0.22914927615731356	0.02523944662835037	0.10898016894463981	0.20652525034995153	0.02876997915218902	0.21839222571153039	0.2397242265782478	0.030771005337012602	0.13074990734258535	0.17864974033467976	0.017138442087518437	0.1369256320354309	0.0073249743905795	0.03247509152742658	0.21728349285068713	0.025229316237147963	0.10904586166860177	0.20243796255986068	0.017138442087518437	0.2264161355296195
NFYB_MA0502.1	0.3753943217665615	0.37633666781648845	0.01794960887046098	0.12379365960709658	0.27039000079107667	0.08831327758515195	0.3753943217665615	0.016793820821180343	0.11404801521274067	0.30984213309162323	0.11549605355180338	0.3758181191870479	0.36735413361537106	0.018399756432384524	0.12641008930948075	0.22835488920009886	0.061764705882352944	0.04850388205530838	0.005908018103392386	0.007967789785971605	0.3746233406629204	0.01674352342056665	0.1140536097097081	0.3011606597434331	0.10885870666936955	0.3668529683580513
NRF1_MA0506.1	0.10969422734128617	0.16998265483113967	0.00820345212996484	0.03840736405657944	0.49119292094498707	0.47110621904237754	0.10969422734128617	0.006519687852308425	0.028435500628862034	0.349834310476676	0.5035953686776355	0.14196363140583193	0.2598648648648649	0.010862555617127321	0.05615331277048514	0.5403306335293465	0.30626826891848	0.05013461975868946	0.0029722930975864567	0.009789023296357767	0.10964578472594792	0.006488475131054445	0.028496708449815132	0.3414	0.4924486258974994	0.22217729123942115
MYC_MA0147.3	0.12552301255230125	0.15983720284895014	0.0068362401061969925	0.04241971052698284	0.1656558655345694	0.053178019751835906	0.12552301255230125	0.005484288265601504	0.028922045402810254	0.19147727272727272	0.08302063789868667	0.13313301745059516	0.1838179900557481	0.008496588995347333	0.0548182548897026	0.11855562513045294	0	0.04362344677114653	0.002076636963092656	0.006406579381354595	0.12595365317027174	0.0054777649616050954	0.02886792141051275	0.18739997090062563	0.06983511154219205	0.1564604039756332
SRF_MA0083.3	0.10261684378928122	0.09958691526180641	0.006125227198513723	0.028182476466328748	0.12198841110094541	0.05223585278986941	0.10261684378928122	0.006432871482215228	0.02980728822717176	0.12052615478739676	0.0500198491464867	0.0840241145440844	0.09035791120672795	0.005153097330068165	0.023023140846065115	0.11515151515151516	0.024271844660194174	0.009881983096268811	0.0017092760322990766	0.0023815445371438045	0.10142775556824672	0.005935473868965555	0.027977811684515238	0.10613810741687979	0	0.07721233391827526
RUNX3_MA0684.1	0.28600388057108106	0.26808864101575247	0.08696864404773491	0.3600325792806285	0.04534092220128447	0	0.28600388057108106	0.07479520682418252	0.33633346970316835	0.03866751735204841	0	0.2680687599187221	0.27622938858893914	0.09978028363385448	0.3708657168769445	0.04997321496900589	0	0.3767092492791329	0.030238837569450228	0.10561313291986102	0.28144157262468145	0.07475093921721498	0.3355612371880444	0.035246902809282846	0	0.27619714610872803
TBP_MA0108.2	0.06196950968273589	0.06252457727093984	0.048159858112599326	0.10114734919234006	0.01435328657641494	0.0028205562136853386	0.06196950968273589	0.054442228687872546	0.1074105013377886	0.014283377855312654	0.0033856223902494075	0.06231628453850676	0.07095358425322516	0.04000091920917371	0.09143020922900545	0.013525210993291495	0	0.06885823584501341	0.013217919523153472	0.02378666578766291	0.06067920759114367	0.05430134585652163	0.10722774678632065	0.009821773437068918	0	0.07025051848437963
Crem_MA0609.1	0.10326693227091634	0.09722577345947328	0.091660959439869	0.23892859324415125	0.019212095991122207	0	0.10326693227091634	0.09421260795867302	0.24563406356062945	0.019212095991122207	0	0.096430609269004	0.09196137366502526	0.0854662107525637	0.23421037312998427	0.010814204981511198	0	0.23435477537486002	0.015945976349504204	0.09098414167826709	0.10161264569695035	0.09416623200640967	0.2447222477556148	0.016750651607298002	0	0.09124654970018084
MEF2A_MA0052.3	0.1539474550602489	0.16510308565103085	0.03889285239988017	0.11542717928711894	0.09224367125187839	0.016845735508688155	0.1539474550602489	0.0476109843919639	0.13458601175759574	0.06533127889060092	0.011284255776464266	0.15808579983571372	0.16019296348665057	0.028156217805204043	0.08981963569878688	0.11866844754957362	0.018866679860149085	0.07688051980567862	0.009321575317047115	0.022886754997460873	0.15367306419589677	0.046082737809530545	0.13173428070214152	0.05705012171524874	0	0.14747037767270918
RFX5_MA0510.2	0.07975295381310418	0.07741841065417825	0.01397198935573296	0.04582602155928804	0.07683647621728117	0.04597303836847563	0.07975295381310418	0.012896256806816666	0.04742838864807033	0.07893654926682198	0.052398775093569244	0.05577227200843437	0.07564836144757375	0.013780157958873022	0.04271536923134976	0.0722822174226062	0.03745583038869258	0.02705392490468559	0.0037104174417712616	0.005510845294287383	0.07966513637591142	0.012703513362339188	0.047267453358823916	0.07675194660734148	0.047413047240006924	0.0546635880362992
ELF1_MA0473.2	0.3577196922635829	0.3421933036537499	0.03381042370945924	0.1802249878452915	0.12218910864264428	0.022564800855906238	0.3577196922635829	0.031027442751545772	0.167061793164889	0.15656987216096296	0.029632498910569894	0.3421212041402196	0.3208463599821349	0.03662644654498991	0.18410571285678992	0.09418819188191882	0	0.1504850867385581	0.011341139046536755	0.0272570658110782	0.3572042394729304	0.030798440589141222	0.1615154246503649	0.14590905061608014	0.021137736216637445	0.32080158530799074
ETV6_MA0645.1	0.013636924595828706	0.015473887814313346	0.0006834524074548694	0.003419452887537994	0.048547552725825706	0.020618556701030927	0.013636924595828706	0.0006342307333710111	0.003032916690232453	0.04505386875612145	0.026128266033254157	0.015403201449713078	0.016258785671945126	0.0007147625349020513	0.003754110424875872	0.038293216630196934	0	0.003939926076639522	0.0002510270406686179	0.000752424633054678	0.013681245550499892	0.0006338790521955109	0.00301448216255718	0.04472396925227114	0.011816838995568686	0.016187505269370205
MEF2C_MA0497.1	0.1751184306743395	0.16333498268184068	0.021007122340584047	0.06917062156342121	0.13264352949629948	0.029828346308976645	0.1751184306743395	0.02419031424950673	0.08360036738442699	0.11262880421758927	0.021088957055214724	0.1606091568140904	0.13799109086646347	0.01766120943841577	0.05284316415180613	0.13544474393530997	0.044978323699421965	0.03194825783771985	0.007025270218665427	0.01144955380162844	0.17534894119901626	0.024206307775091758	0.08359428182437031	0.10535699813599157	0.009147528221097703	0.1343745924090257
STAT1_MA0137.3	0.014441455472178961	0.013238241737752296	0.002322536631368792	0.008638305224089553	0.013923197844150012	0.005750431282346176	0.014441455472178961	0.0024266268576405114	0.009293776535155845	0.013215859030837005	0.002452483139178418	0.011693498579486969	0.012216039827636698	0.002086513501561902	0.007646550611227519	0.012794151245145076	0.0024227740763173833	0.0071379925689014564	0.000686483610807241	0.0018972894319761562	0.014405534758091266	0.002306088303895954	0.009282062220843271	0.01364566750056857	0.0	0.010465949820788531
PAX5_MA0014.3	0.13098518595255362	0.12197379863663141	0.026077913766898646	0.09578254772947901	0.03484008289923262	0.007959135186505107	0.13098518595255362	0.021672855981600913	0.07512218708345313	0.060742637644046096	0.012617924528301887	0.1218609865470852	0.11161835197443506	0.03213230462142029	0.11875947786268622	0.019130434782608695	0	0.10201511335012595	0.00977244916327032	0.024766530565144773	0.13131355052915542	0.021670061952792325	0.07508229849092272	0.05732319312949454	0.005122096486003574	0.11157590508062062
Tcf12_MA0521.1	0.16317481757719018	0.16380549829369273	0.019118193257978502	0.08479125248508947	0.09561043202850497	0.016892123875575087	0.16317481757719018	0.017416660943443425	0.07437365441352364	0.12489028213166144	0.022468868435300486	0.14830608117641525	0.16426374270229552	0.02100181749429746	0.09250579122629217	0.07202746046930392	0.012004466778336125	0.0856064158326192	0.00701439126441422	0.018668349645647692	0.16326710686921866	0.01750083426257837	0.07962621006099267	0.12470489038785834	0.01731007006456931	0.1488232841929738
USF2_MA0526.2	0.2820355610055181	0.33100143747005273	0.014071753595682895	0.08468374281233665	0.3164179104477612	0.12179582160320047	0.2820355610055181	0.011588107732602349	0.06292321415547913	0.36621807777895515	0.17314285714285715	0.29515060884426403	0.3637898799831132	0.016826619349238875	0.10321061339667266	0.2481467030823254	0.051641001710997045	0.039552897940122435	0.004614967206415673	0.007132890962088385	0.28175536340942803	0.011589489467215847	0.06284007553809687	0.35705850778314546	0.14879395524556815	0.33106476399560925
EGR1_MA0162.3	0.28621308219616887	0.3369839160518719	0.023607485495683755	0.11178381119324367	0.28112322849164956	0.04810714773814405	0.28621308219616887	0.01996063108622412	0.08464372645655947	0.3399170716483125	0.11357574969101672	0.3310981098109811	0.3542498924466843	0.02658388598842952	0.1407246840899574	0.16898461538461537	0	0.07989389092611375	0.009106286505873808	0.015532432167469851	0.27444566225444733	0.019517960104573292	0.0869502066470363	0.3382504595794288	0.10058433458078918	0.35058065300662733
BHLHE40_MA0464.2	0.2596975393028025	0.20688556670534963	0.09901972778922567	0.36306626731561215	0.0536817848538808	0.0021091341733816453	0.2596975393028025	0.08160849707626638	0.34550662370211244	0.06639154922266345	0.01325000670546898	0.20203546509044043	0.168040943986352	0.11434208943252457	0.3634219719427394	0.03810935267030117	0	0.37644538572019764	0.02139575356769927	0.1214593907324713	0.25704429064261075	0.08143087113892315	0.3448080759953545	0.06083174917319861	0.0080768920119538	0.16494989187806636
HSF1_MA0486.2	0.0874690356197147	0.08401706596652445	0.005206939894296343	0.022265547112125306	0.13692351761672872	0.062421972534332085	0.0874690356197147	0.005180675755484065	0.023005616076865822	0.1348905109489051	0.0563973063973064	0.08064262088517876	0.07446808510638298	0.0048700780088054224	0.020541771901153864	0.13290460878885316	0.033583738400353516	0.014826916035264625	0.0012517585546065822	0.003038818221469072	0.0875368348067256	0.005049152273269914	0.02316933961731032	0.1301955990220049	0.03536693191865606	0.07120274914089347
JUNB_MA0490.1	0.3189284005740711	0.32732441396114886	0.0516860387532202	0.20789244531229384	0.12045022657506213	0.018788793826539172	0.3189284005740711	0.051657695960920895	0.19982817001061304	0.13838036896710457	0.020155557414067073	0.2944100639139698	0.3390778435325486	0.05071583249796465	0.2072615576437278	0.1340115640781673	0.011368456774412488	0.19660381584453704	0.012771943109600531	0.04539830739614915	0.318931872646354	0.05164979525942474	0.19962672450755378	0.13928900872773717	0.01797488555709546	0.3057292480850399
CTCF_MA0139.1	0.3963047487515474	0.5075320494655589	0.04439496323440697	0.16455700239509882	0.6861201366325086	0.4946686871469899	0.3963047487515474	0.03953274770137359	0.12248186568545015	0.6689860114517648	0.5746477440358105	0.4990582334912232	0.5959574437863099	0.04985143766230728	0.21503147551051743	0.6580410902238361	0.41180790130709355	0.06158443498879397	0.024165290478642854	0.025318621161577282	0.395851587248096	0.039676349151872535	0.12275701648241914	0.6671143863215595	0.5700063816209318	0.5922005335139942
EBF1_MA0154.3	0.3054859835624571	0.3248972428762758	0.03564755227521489	0.14775720111165944	0.17127171271712718	0.024964893119051333	0.3054859835624571	0.03081532844658859	0.11887661792293625	0.22764566240473116	0.04113533525298231	0.2785476718403548	0.32421087063184867	0.03886309133247743	0.17455609705109948	0.12922728131494426	0.006432902715528605	0.1069410950714396	0.01228658430150517	0.022602772395829876	0.30501436648438224	0.02915133921750679	0.11771040327859962	0.22573099415204678	0.03380893300248139	0.2873849276342813
CUX1_MA0754.1	0.05533790401567091	0.06521023163903832	0.022837380371394937	0.0806969703972454	0.0037517586368610288	0	0.05533790401567091	0.02651640869364069	0.08669698692438886	0.0031289111389236545	0	0.06491803278688525	0.08610741233910342	0.018624054951285135	0.06937592984104612	0.009115770282588878	0	0.07154154187838611	0.003947217112211473	0.01966033924133809	0.05152695739600352	0.026483924413285575	0.08706090833738246	0	0	0.08525973455216665
NFYA_MA0060.3	0.12298458877981791	0.13401881170765906	0.0031381527511199305	0.02728747888863132	0.18063112078346028	0.12040990606319385	0.12298458877981791	0.002817095346284844	0.023902541179529026	0.1911461908030199	0.1260234959060164	0.13383116504287965	0.13850009168143756	0.00326699405531145	0.028403144757440258	0.17371854613233922	0.10237659963436929	0.024797300851373997	0.0008449027961184001	0.0028594213741336646	0.12352127823014288	0.0028143735348547783	0.0239010989010989	0.18922239775320343	0.1316931982633864	0.1383056640625
ELK1_MA0028.2	0.3097365198857195	0.33222946266424525	0.012755690402919783	0.0978531588732592	0.261671469740634	0.048421350700835336	0.3097365198857195	0.010745009492533437	0.0791545346705489	0.2961592862582962	0.048421350700835336	0.33129161118508654	0.3390948512795456	0.01474181134533461	0.11382096397419687	0.2034444306777351	0.023898646703138498	0.12083858509002185	0.0033681834764017356	0.015716744986739868	0.31000683838614085	0.010747723869338973	0.07877881436073535	0.28464005307973017	0.02504678278393551	0.3382890567877163
ZEB1_MA0103.3	0.10593740192302205	0.12330993719985224	0.010054962868480294	0.048901361840877934	0.14645790914835358	0.04323458767013611	0.10593740192302205	0.008538162500137203	0.03855944916840142	0.15452169367485624	0.06827164929931728	0.12287870421498251	0.13547152877825275	0.011790621186255668	0.06212812077487725	0.11044119054454972	0.02308883570322399	0.05648576201390777	0.003435755138787653	0.010688603305075548	0.10614860805127178	0.00852890566349262	0.038493372370257815	0.15589016829052257	0.06375384615384615	0.13507594489579655
YY1_MA0095.2	0.06951948706865499	0.07470275344180226	0.0026119082395394794	0.015913086323626917	0.18165103879389594	0.14956123616940098	0.06951948706865499	0.0025719752591999287	0.015169356514511324	0.1730034866345675	0.155374246186591	0.07454240330952659	0.07344064386317907	0.002812591606439744	0.015902587519025874	0.18324924318869829	0.12188365650969529	0.011966863736479316	0.0007653181829935852	0.0020884083262868143	0.06892321016166282	0.003023743616715875	0.015134648771174954	0.17134115247322795	0.1430745814307458	0.0732875125492316
NFATC1_MA0624.1	0.10707353405859252	0.10812539987204095	0.012688834367023567	0.07153419718157694	0.0408282867747607	0	0.10707353405859252	0.012002161499028786	0.07399981111377489	0.02805107808247854	0	0.10798722044728434	0.10405806664467172	0.012084841664829262	0.06530677692386984	0.05365550324242693	0.0076495132127955496	0.06744000146449515	0.0038436253802813566	0.012713437412143702	0.10742753623188406	0.012007632985485054	0.07385520093278583	0.02608695652173913	0	0.10387984981226533
MYB_MA0100.3	0.04898354307841239	0.05058605798889575	0.006346211252916051	0.039880336241511494	0.03936703975299112	0.007082538817760828	0.04898354307841239	0.005317853873820009	0.03173332922944336	0.04512298558100085	0.007518796992481203	0.05053504398005491	0.050115906832983774	0.007580470547082383	0.04583518271933718	0.032570422535211266	0	0.04769103233042376	0.0016430013168660296	0.008210790947200019	0.04930436905052477	0.005385209394475949	0.03151354763154093	0.04430490144775859	0.004461795872838818	0.050060646157238944
FOS_MA0476.1	0.006234632946961714	0.005989792044543806	0.0038416226377068698	0.006408353692414244	0.007633587786259542	0.0007964954201513341	0.006234632946961714	0.004179091910552277	0.006027416132809809	0.007072344187417121	0.003125	0.004421059186151499	0.005779218243586239	0.003515592813786495	0.0063498896841198945	0.007039155301363837	0.0024311183144246355	0.006532522455545941	0.0010793809168922603	0.0033792502958183562	0.006314958558084462	0.004178769381884516	0.006007763614298133	0.006676783004552352	0.002430133657351154	0.0041529870640065105
Arid3a_MA0151.1	0	0	0.03493920660997071	0.11734563156546246	0	0	0	0.059418193149190945	0.1137140134758048	0	0	0	0.11386422619860674	0.026327477972243826	0.10975684449072089	0.11386422619860674	0.11386422619860674	0.11386422619860674	0.012157767034829237	0.06096881959910913	0.11386422619860674	0.059524393671072415	0.11386422619860674	0.11386422619860674	0.11386422619860674	0.11348444625961474
Gabpa_MA0062.2	0.1574965282765886	0.18540372670807453	0.008909757509487361	0.046075933137811116	0.22241329893952422	0.07603565810173046	0.1574965282765886	0.007736840284249637	0.03771922038067944	0.23701244813278008	0.09834825368805951	0.1843787640137126	0.21578364181064555	0.009758675555831889	0.05500986183592463	0.18508713876020297	0.03088051189317012	0.048947446840212	0.003524000541062763	0.008712352574476258	0.1580166710454035	0.007354275508352355	0.03776625782831327	0.23411258334036628	0.08349439505218399	0.21490170433645317
TCF3_MA0522.2	0.18415406072309837	0.16740511396999946	0.01836576513208887	0.10154061300375544	0.06988430524716606	0.0027891955372871405	0.18415406072309837	0.015386417196315075	0.0815450938396694	0.10057442305754308	0.008578698655034533	0.1668676835757361	0.16132026350938355	0.02162681028706901	0.11603209872418152	0.05275838635942423	0.00743223549985427	0.11919940868038713	0.007044670039626269	0.02287558289072867	0.18430309051365357	0.014945645386449229	0.08147607244603058	0.09998474291817118	0.003675119441381845	0.16110508229336226
PKNOX1_MA0782.1	0.13714917738144616	0.131747176159577	0.05326892535733192	0.16845775916827627	0.035977166891993394	0.006649309032645704	0.13714917738144616	0.05006166297928248	0.16595005141589142	0.039396417156024675	0.007435241445474896	0.12017976542803903	0.12914806908596935	0.05390415870114558	0.1675650231053298	0.03209082308420057	0.003221390029797858	0.15419031652089604	0.014494148072052432	0.04107966608681608	0.13700594370822636	0.04977949690802927	0.16577341342637555	0.036840532057988346	0.005376344086021506	0.11814308538966803
Tcf7_MA0769.1	0.1363563531485339	0.1325261660770942	0.011490446073247406	0.05844309065167961	0.09707163846387679	0.024365482233502538	0.1363563531485339	0.012341707127589642	0.062069955843813945	0.09237827129600668	0.021173469387755103	0.13203502525160773	0.12525849335302808	0.010229002469302844	0.050103623209903754	0.10782542550156889	0.020145352543669514	0.03989325808232624	0.004141000917923685	0.008180725252550336	0.13690380600610247	0.012324558712237426	0.06177246067476189	0.08632334318277754	0	0.12456300126325685
E2F4_MA0470.1	0.07366127434796962	0.09351014667470364	0.006563030634183792	0.03152241958631615	0.1432090655280013	0.052104208416833664	0.07366127434796962	0.005415857779294563	0.022864607895114544	0.146448087431694	0.08752796420581656	0.0909570621689761	0.12517423083460819	0.008433575571490987	0.0429232214994447	0.1330235970167502	0.029824940566241624	0.03941894941806434	0.002458076804844905	0.007541402818619365	0.07372820824845903	0.005430051390190167	0.02688989107936855	0.14714329361442102	0.08573903002309469	0.12405242410969981
ZNF143_MA0088.2	0.1168260784696467	0.11344019728729964	0.02687081412467256	0.09082397510485726	0.06669234578770704	0.02298419836362501	0.1168260784696467	0.024974766282462105	0.0879193118214943	0.07542540139755695	0.02799975221458217	0.1131580385939977	0.10749281229830429	0.02839125091170654	0.09347137665494233	0.05830050647158132	0.007239474185559154	0.05628923833064018	0.011788878619874653	0.014376329522954282	0.11543305560937803	0.024949908863349458	0.08793735314268898	0.07056919341785811	0.020665038512117227	0.10728193716510995
ZBED1_MA0749.1	0.0491838642410297	0.04391569361827128	0.04252843942127158	0.1187474945436729	0.007059596125430964	0.0004957038995373431	0.0491838642410297	0.039614571956435196	0.12004571615167967	0.007057278844575743	0.000660774758404229	0.04313640626127101	0.03941692696712777	0.039322640364137136	0.11909939593629874	0	0	0.11573997884095451	0.007334123441877754	0.02132847882070864	0.047698200476982006	0.03606377704130894	0.1196123488860026	0	0	0.038850608415188385
STAT3_MA0144.2	0.05855027279812938	0.05864992150706436	0.009398705451991165	0.041946812752268026	0.031283479751446325	0.008653846153846154	0.05855027279812938	0.011112582586559543	0.04373563866738708	0.03321984937583823	0.0073353532132036355	0.0545512951552142	0.05906373912528851	0.008036426173859608	0.03796156492061932	0.032794005863828864	0.0077108433734939755	0.034823280785038886	0.003058143733816792	0.007400746410010919	0.058915211970074814	0.012234019885199524	0.04377825362836069	0.032033719704952585	0.005236458844706267	0.053870236424484505
NR2F1_MA0017.2	0.29588830536697835	0.27358670575378585	0.05506346927104901	0.30500081543091817	0.08500282965478212	0.010483922521255514	0.29588830536697835	0.05064173038676763	0.2931411038012675	0.10505271806107079	0.016257581049757087	0.2733212026687462	0.2556407568819992	0.060111277950665405	0.3088932868406999	0.05401341313043217	0.004634099246958873	0.2949794460543163	0.020270030992968546	0.045101908952252016	0.29571996919917864	0.05063351590623899	0.2993481495972221	0.10235375086028906	0.01194201417715052	0.25542469730097195
MAX_MA0058.3	0.22980798537031394	0.22119194801077827	0.03811039391474818	0.18208434616809593	0.0549438202247191	0.004113981487083308	0.22980798537031394	0.032154270930712874	0.1654061187936448	0.08952176249328318	0.008427135375910432	0.19650778004646904	0.18956732014854477	0.04427144475337246	0.1876608056027074	0.026833841106163582	0	0.1907253961331589	0.008432546948347759	0.04720886958079804	0.22911658080518985	0.032029499663344736	0.16540578963783936	0.08670301786967553	0.01152115211521152	0.17467075160148013
CEBPB_MA0466.2	0.06141697740732617	0.06185121107266436	0.01399690600267161	0.05745111260957519	0.012338958446742878	0.0011084426380934787	0.06141697740732617	0.015392821541205892	0.05938961425134485	0.011963023382272975	0.0011084426380934787	0.054528122020972354	0.06648613315902512	0.011863409512305535	0.05413461151166069	0	0	0.05525997058569081	0.0027807136907666142	0.012641666686453898	0.059638150547241454	0.01539531405128564	0.05924610541609492	0	0	0.0598218786758528
MAFK_MA0496.2	0.0703434415085417	0.07322770027144751	0.005026331577894807	0.019566461582486764	0.15409224206878167	0.07939339875111508	0.0703434415085417	0.0050800168804727595	0.01927673282760054	0.15144538245075467	0.0804953560371517	0.04791012720964811	0.06638590269311759	0.004510548402752006	0.017025492512288992	0.14786585365853658	0.03187998124706985	0.005612194844691384	0.0017839952508214448	0.002018336019341234	0.07032131614895765	0.0050688652869848964	0.019254701327433628	0.14855643044619424	0.03086997193638915	0.042572850035536604
REST_MA0138.2	0.03337600151709098	0.04327230828319037	0.003225190085258345	0.012670777596683216	0.13006756756756757	0.21794871794871795	0.03337600151709098	0.002909121102915719	0.009628686555802018	0.09807831762146484	0.2055066704513199	0.04243672157492969	0.05285396020588461	0.0035803913472346478	0.015319245837667748	0.1507734482083415	0.16420361247947454	0.0034304444487337185	0.0019132943882842737	0.001935616922653887	0.03322332580650255	0.002907487224172155	0.009628654034852054	0.09766415302556557	0.18882581416193606	0.052259779718951765
SP1_MA0079.3	0.11708964104834915	0.13240538523207918	0.020831876022418656	0.06199784721022179	0.1914242754186758	0.16649353440555933	0.11708964104834915	0.018425249158634114	0.05152889578085328	0.17436710093911958	0.1939239970360961	0.11780961563261873	0.14900585628081667	0.024224870743154346	0.0747022457432366	0.19623233908948196	0.12992246703753998	0.0712067446587559	0.009277223009560992	0.021991003385724975	0.11715810414669423	0.018662888137914835	0.052644399059057594	0.17432548013373766	0.1937911076032623	0.13458976128939046
TBX21_MA0690.1	0.19812379730596535	0.1958504519309778	0.05546842091111968	0.22701523561524933	0.045326636206844385	0	0.19812379730596535	0.052509453566083435	0.22138282148135982	0.04331626934843849	0	0.1957981640071468	0.20420203479621937	0.05592671547120842	0.22639054780770373	0.04654672784351606	0	0.23048331496376898	0.0160925522939599	0.05894659353568949	0.1978494623655914	0.05256678807253131	0.22140762463343108	0.04128412476439472	0	0.20412830234097612
POU2F2_MA0507.1	0.19160960765134225	0.18538239297055945	0.03411081742655003	0.09558889790033342	0.14254230945153645	0.024800357125142603	0.19160960765134225	0.03900891953113026	0.10779112374969936	0.12044429017702186	0.017728365384615384	0.18317801108882859	0.16840655762109455	0.028925836928048315	0.08033006098953067	0.16073037890364797	0.036796642428383194	0.06395984780685916	0.012319731672582416	0.022372228722065075	0.19142849358363076	0.03844398605355871	0.10764872521246459	0.11795989537925022	0.011907164480322906	0.1654690728246759
ZBTB33_MA0527.1	0.07809022860610965	0.12427321313208434	0.0055684692588539265	0.02954071085456343	0.3230221735559814	0.22017503454629203	0.07809022860610965	0.00434934194339792	0.021602710057199978	0.24407951598962835	0.2608329827513673	0.11107032356180188	0.19459347915806852	0.00740821083522461	0.04165852632211719	0.32054992764109985	0.07813292744799594	0.019686185600218047	0.0012972764760303065	0.0031817761438061	0.0781758957654723	0.004924508973711657	0.021678551224656558	0.24041193181818182	0.20382732532265244	0.18084291187739462
