motif	fimo_bg_hg19	fimo_without_overlaps	fimo_without_overlaps_1e-2	fimo_without_overlaps_1e-3	fimo_without_overlaps_1e-5	fimo_without_overlaps_1e_6	fimo_without_overlaps_bg	fimo_without_overlaps_bg_1e_2	fimo_without_overlaps_bg_1e_3	fimo_without_overlaps_bg_1e_5	fimo_without_overlaps_bg_1e_6	fimo_with_overlaps	moods_without_overlaps	moods_without_overlaps_1e-2	moods_without_overlaps_1e-3	moods_without_overlaps_1e-5	moods_without_overlaps_1e_6	moods_without_overlaps_bg	moods_without_overlaps_bg_1e_2	moods_without_overlaps_bg_1e_3	moods_without_overlaps_new_bg	moods_without_overlaps_new_bg_1e_2	moods_without_overlaps_new_bg_1e_3	moods_without_overlaps_new_bg_1e_5	moods_without_overlaps_new_bg_1e_6	moods_with_overlaps
JUND_MA0491.1	0.29919563343866706	0.3069520252800919	0.9629416834243033	0.5853203102556737	0.09020396437805228	0.008905486929043378	0.29919563343866706	0.967825337546682	0.5891985061763861	0.1006894570525711	0.011060040218328066	0.3069520252800919	0.31628842286699227	0.9639471416259695	0.5926457914392416	0.10657856937661592	0.00617638609594944	0.6116058603849469	1.0	0.9729962654409653	0.2987647227808101	0.9679689744326343	0.5891985061763861	0.0972421717897156	0.013214593507612756	0.31628842286699227
USF1_MA0093.2	0.5965991316931982	0.566931982633864	0.9835383502170767	0.7937771345875543	0.23299565846599132	0.06602749638205499	0.5965991316931982	0.9853473227206947	0.8062590448625181	0.2952243125904486	0.08954413892908827	0.566931982633864	0.5303907380607815	0.980643994211288	0.7818379160636758	0.18252532561505064	0.03093342981186686	0.7948625180897251	0.9980101302460203	0.9846237337192475	0.5946092619392185	0.9849855282199711	0.8055354558610709	0.28835021707670044	0.0624095513748191	0.5303907380607815
Atf3_MA0605.1	0.1110299488677867	0.09203798392987582	0.9379108838568299	0.38495252008765524	0	0	0.1110299488677867	0.9503287070854638	0.42658875091307524	0	0	0.09203798392987582	0.09130752373995617	0.9130752373995618	0.38203067932797663	0.030679327976625273	0.030679327976625273	0.2929145361577794	0.9992695398100804	0.8575602629656683	0.127100073046019	0.9503287070854638	0.42658875091307524	0.029218407596785977	0.029218407596785977	0.09130752373995617
ATF7_MA0834.1	0.10466668736610053	0.10410780265159748	0.9520290620051541	0.39724283540845157	0.017822212562486416	0.0031359642313782718	0.10466668736610053	0.9557860092526469	0.402738535101065	0.018722637935852455	0.004440028565218741	0.10410780265159748	0.10845468376439904	0.9570900735864875	0.4154686869314124	0.014624150029496694	0	0.6337752662464682	0.9992858695314684	0.9930760393703232	0.10323842642903716	0.9560965007607042	0.40255224019623065	0.016176607569782966	0	0.10845468376439904
ETS1_MA0098.3	0.421244467586566	0.37151783389742254	0.9942723249153866	0.7544910179640718	0.09580838323353294	0.021608956001041395	0.421244467586566	0.9955740692527988	0.7940640458214007	0.12262431658422286	0.032022910700338456	0.37151783389742254	0.32543608435303306	0.9921895339755272	0.7201249674563915	0.04399895860453007	0.009632908096849779	0.7102317104920594	0.9997396511325176	0.99140848737308	0.42020307211663627	0.9955740692527988	0.7935433480864358	0.11195001301744337	0.019526165061181985	0.32543608435303306
RELA_MA0107.1	0.3429713714571286	0.31527093596059114	0.9922895695009638	0.7067180695366603	0.12243878060969515	0.014778325123152709	0.3429713714571286	0.9940029985007496	0.7511244377811095	0.13693153423288357	0.014778325123152709	0.31527093596059114	0.29292496608838436	0.9903619618762047	0.6800171342899979	0.11051617048618548	0.008709930748911259	0.6621689155422289	0.9995716427500535	0.9888627115013922	0.3346897979581638	0.9940029985007496	0.7509816520311273	0.13279074748340117	0.008709930748911259	0.29292496608838436
NFYB_MA0502.1	0.5412876137158852	0.5089806391415909	0.9911359925355726	0.8191042687193841	0.19932353627245158	0.05050151621180313	0.5412876137158852	0.9925355726615349	0.8393981805458363	0.23921156986237463	0.06741310940051318	0.5089806391415909	0.4861208304175414	0.990319570795428	0.8031257289479823	0.16165150454863542	0.034289713086074175	0.940284581292279	0.9990669465826919	0.9976673664567296	0.536505714952181	0.9924189409843713	0.8252857476090506	0.22999766736645674	0.06263121063680896	0.4861208304175414
NRF1_MA0506.1	0.8728426899424717	0.8262249553659988	0.9988097599682603	0.960126958936719	0.5836143622297163	0.3396151557230708	0.8728426899424717	0.9992065066455068	0.9799642927990478	0.6806189248165047	0.4098393175957151	0.8262249553659988	0.7629438603451696	0.9974211465978973	0.9317595715135886	0.4830390795477088	0.18706605832176157	0.9400912517357667	0.9998016266613767	0.9980162666137671	0.871652449910732	0.9992065066455068	0.9716326125768696	0.6772465780599087	0.3945645705217219	0.7629438603451696
MYC_MA0147.3	0.6166107382550335	0.48322147651006714	0.9994407158836689	0.9359619686800895	0.13366890380313198	0.02936241610738255	0.6166107382550335	1.0	0.977069351230425	0.1884787472035794	0.04949664429530201	0.48322147651006714	0.34116331096196867	0.9988814317673378	0.8582214765100671	0.07941834451901567	0	0.9169463087248322	1.0	0.9994407158836689	0.616331096196868	1.0	0.977069351230425	0.18008948545861297	0.040268456375838924	0.34116331096196867
SRF_MA0083.3	0.1881810561609388	0.18692372170997484	0.8608549874266554	0.4077954735959765	0.08382229673093043	0.027661357921207042	0.1881810561609388	0.8784576697401508	0.41617770326906955	0.08256496227996647	0.026404023470243086	0.18692372170997484	0.19362950544844929	0.8880972338642079	0.4098910310142498	0.07963118189438391	0.012573344509639563	0.6429170159262364	0.998742665549036	0.9932942162615256	0.18608549874266556	0.8985750209555742	0.41114836546521377	0.06957250628667226	0	0.19362950544844929
RUNX3_MA0684.1	0.19682324571018595	0.18010243737170417	0.9884209896964745	0.6827430894632999	0.023496821252765213	0	0.19682324571018595	0.9908125236662215	0.7372899934232816	0.01992944974789246	0	0.18010243737170417	0.18863224186380215	0.9856109372820216	0.6438208741056659	0.026027861370747554	0	0.6261833110787811	0.9985451501684038	0.9831596149630308	0.19259820236363273	0.9907527353169779	0.7389242083026087	0.018115869820834248	0	0.18863224186380215
TBP_MA0108.2	0.04261106074342702	0.04504759746146872	0.8600974614687217	0.27923844061650044	0.007479601087941976	0.0014165911151405258	0.04261106074342702	0.849274705349048	0.2513599274705349	0.007422937443336356	0.001699909338168631	0.04504759746146872	0.060460108794197644	0.8876926563916591	0.3615140525838622	0.007082955575702629	0	0.6145172257479601	0.9992067089755213	0.9813576609247506	0.04130779691749773	0.8497846781504986	0.2505099728014506	0.005043064369900272	0	0.060460108794197644
Crem_MA0609.1	0.056962025316455694	0.05348101265822785	0.9270745428973277	0.275070323488045	0.009739803094233473	0	0.056962025316455694	0.9234177215189874	0.2799226441631505	0.009739803094233473	0	0.05348101265822785	0.05056258790436006	0.9346694796061885	0.2829465541490858	0.005450070323488045	0	0.2832981715893108	0.9993319268635724	0.9261603375527426	0.0559423347398031	0.9236286919831224	0.2808368495077356	0.008473980309423347	0	0.05056258790436006
MEF2A_MA0052.3	0.1590259828594749	0.2028975649571487	0.8565501292341178	0.49306216841246087	0.05427832947898245	0.008638280506053598	0.1590259828594749	0.8128145830499252	0.41654196707930896	0.03604951707250714	0.005713508366208679	0.2028975649571487	0.2620051693647123	0.9127329615018365	0.5814174942184737	0.07856074003536934	0.00972656781390287	0.6474629302135764	0.9994558563460754	0.9441572575159842	0.15793769555162562	0.8195483607672426	0.4060672017412597	0.031084206230444836	0	0.2620051693647123
RFX5_MA0510.2	0.11522793404461688	0.1026188166828322	0.9757516973811833	0.35460717749757514	0.052958292919495636	0.02580019398642095	0.11522793404461688	0.9842870999030068	0.41707080504364696	0.05586808923375364	0.029873908826382155	0.1026188166828322	0.09873908826382154	0.9641125121241513	0.3293889427740058	0.0486905916585839	0.020562560620756547	0.7171677982541222	0.9992240543161979	0.9984481086323957	0.11445198836081474	0.9846750727449078	0.4172647914645975	0.05354025218234724	0.026576139670223084	0.09873908826382154
ELF1_MA0473.2	0.36902297150744356	0.3201715468796214	0.9961549837326235	0.7948831706595682	0.06669624371487726	0.011436458641427585	0.36902297150744356	0.9971408853396431	0.8319530710835059	0.0878438331854481	0.015084294587400177	0.3201715468796214	0.2832988267770876	0.994774721482796	0.7530809425219364	0.05033027703835157	0	0.8227348910578725	0.9996549344375432	0.9975352459824509	0.36882579118603964	0.9971408853396431	0.8215025140490979	0.08113970225771468	0.01069703243616287	0.2832988267770876
ETV6_MA0645.1	0.3939393939393939	0.36363636363636365	0.9768270944741533	0.7379679144385026	0.10873440285204991	0.0142602495543672	0.3939393939393939	0.982174688057041	0.7647058823529411	0.12299465240641712	0.0196078431372549	0.36363636363636365	0.3422459893048128	0.9714795008912656	0.7183600713012478	0.062388591800356503	0	0.7058823529411765	1.0	0.9696969696969697	0.3939393939393939	0.982174688057041	0.7647058823529411	0.1140819964349376	0.0071301247771836	0.3422459893048128
MEF2C_MA0497.1	0.27100964377091125	0.32483763038771896	0.9017909860263728	0.651151348159811	0.09082857705176146	0.015646526274355442	0.27100964377091125	0.8903759102538871	0.6046053926392443	0.06937610706553828	0.01082464081873647	0.32483763038771896	0.4054320015744932	0.9218657744538477	0.7107852784884865	0.13845699665420194	0.02450305058059437	0.8209998031883488	0.9993111592206259	0.9843534737256445	0.27012399134028736	0.8897854753001377	0.6042117693367447	0.06396378665617004	0.004625073804369218	0.4055304074001181
STAT1_MA0137.3	0.10751932536893886	0.09978917779339423	0.9761068165846802	0.5094869992972593	0.02178496134926212	0.0035137034434293743	0.10751932536893886	0.9761068165846802	0.5045678144764582	0.02108222066057625	0.0014054813773717498	0.09978917779339423	0.10260014054813774	0.983134223471539	0.5411103302881237	0.019676739283204497	0.0014054813773717498	0.5818692902319045	0.9992972593113141	0.9859451862262825	0.10681658468025299	0.983134223471539	0.5045678144764582	0.02108222066057625	0.0	0.10260014054813774
PAX5_MA0014.3	0.18957658630202712	0.13038263164207747	0.987345567950102	0.5858222382151853	0.018651793210987165	0.004018231977929711	0.18957658630202712	0.9929830874415257	0.6895166126904162	0.03556435168525848	0.006417176442365359	0.13038263164207747	0.0879812882331774	0.977989684538803	0.47906920954779897	0.009895645915797049	0	0.5878013673983448	0.9995801847187238	0.9911239054815881	0.1897565071368598	0.9929830874415257	0.690776058534245	0.03322538083243373	0.002578865299268322	0.0879812882331774
Tcf12_MA0521.1	0.40064888248017305	0.34087959625090125	0.994592645998558	0.799495313626532	0.06964671953857246	0.008868060562364817	0.40064888248017305	0.9964671953857246	0.840591204037491	0.10771449170872387	0.011968276856524874	0.3410237923576063	0.282984859408796	0.9930785868781543	0.7370583994232156	0.046142754145638065	0.006200432588320115	0.7634462869502523	0.9996395097332372	0.9948810382119683	0.40021629416005766	0.9963229992790195	0.8207642393655371	0.10663302090843547	0.009084354722422494	0.2831290555155011
USF2_MA0526.2	0.6279107114180184	0.5546812269150474	0.9882768588405332	0.8585193512124618	0.21278304159306247	0.06600289063754616	0.6279107114180184	0.9911674963867031	0.9005941866067128	0.2775012044323109	0.09731813072105348	0.5546812269150474	0.48434237995824636	0.983780311546491	0.816444515818211	0.15320378994700498	0.026658101814678016	0.9384936566564959	0.9983940902521278	0.9950216797815963	0.6253412558214229	0.9911674963867031	0.9004335956319255	0.2670627910711418	0.08222257909105508	0.48434237995824636
EGR1_MA0162.3	0.6287825475017593	0.5175228712174526	0.9953553835327235	0.8997888810696693	0.18775510204081633	0.024771287825475018	0.6287825475017593	0.9969035890218156	0.938494018296974	0.2682617874736101	0.06143560872624912	0.5177339901477832	0.4056298381421534	0.9943701618578465	0.8040816326530612	0.09662209711470796	0	0.936805066854328	0.9992258972554539	0.9978888106966924	0.572695285010556	0.9971850809289233	0.9268121041520057	0.26544686840253345	0.05390570021111893	0.40577058409570727
BHLHE40_MA0464.2	0.1646087191984836	0.1230977525047387	0.9752504738694828	0.525182778229082	0.02775521256431086	0.0010560519902518277	0.1646087191984836	0.9838884375846195	0.6271324126726239	0.03463308962902789	0.0066883292715949096	0.1230977525047387	0.09601949634443542	0.9650419712970485	0.44649336582724075	0.01949634443541836	0	0.41873815326292985	0.9987002437043054	0.9596804765773084	0.16241538044949905	0.9841592201462226	0.6270782561603033	0.03162740319523423	0.004061738424045491	0.09604657460059572
HSF1_MA0486.2	0.23825034899953468	0.23825034899953468	0.9599813866914844	0.4676593764541647	0.11121451838064216	0.03489995346672871	0.23825034899953468	0.9674267100977199	0.4746393671475105	0.10749185667752444	0.031177291763610983	0.23825034899953468	0.24104234527687296	0.9576547231270358	0.48255002326663565	0.1154025127966496	0.017682643089809214	0.6123778501628665	0.9990693345742205	0.9888320148906468	0.23499302000930666	0.9692880409492788	0.47696603071195903	0.09911586784550953	0.018613308515588647	0.24104234527687296
JUNB_MA0490.1	0.30133448127421436	0.31226861816616447	0.9837279380111924	0.6783039173482566	0.0709427464485579	0.00964270340077486	0.30133448127421436	0.9832974601808007	0.6808437365475678	0.08411536805854498	0.010374515712440809	0.3123116659492036	0.3366767111493758	0.9854928971157986	0.6869565217391305	0.07882049074472665	0.005768402927249247	0.7179509255273353	0.9990529487731382	0.9888075764098149	0.3007748600947051	0.9833405079638399	0.6814464055101163	0.08450279810589754	0.009212225570383125	0.33676280671545417
CTCF_MA0139.1	0.8771341236114217	0.834563483187952	0.9944456870200552	0.9617162454335346	0.6139938865279952	0.33463803772459555	0.8771341236114217	0.9955640050697085	0.9746887348095131	0.6881383732200105	0.42112130023111904	0.8346007604562737	0.7820025348542459	0.9928800417505406	0.939722657123686	0.5336986505628868	0.26131365093565945	0.9894878103332588	0.9987698501453813	0.9985834638037725	0.875754864683516	0.9954894505330649	0.9737940803697905	0.6850443599493029	0.41620070081264443	0.7820398121225677
EBF1_MA0154.3	0.4362547689699025	0.3727744807121662	0.9810830860534124	0.7536032217041119	0.1008372191606613	0.01271725307333616	0.4362547689699025	0.985269181856719	0.8025116574819839	0.1448177193726155	0.0211954217888936	0.3727744807121662	0.3151229334463756	0.9776388300127172	0.7079270877490462	0.07248834251801611	0.003232301822806274	0.8435777871979653	0.9977214921576939	0.9918397626112759	0.4359368376430691	0.9857460788469691	0.8051080966511234	0.14317507418397626	0.01732725731242052	0.3151229334463756
CUX1_MA0754.1	0.03561298455720139	0.04680113457295935	0.8605420737472423	0.27513394264103375	0.0018909549322407816	0	0.03561298455720139	0.8309171131421368	0.240308855972266	0.001575795776867318	0	0.04680113457295935	0.07642609517806492	0.8955247399936969	0.34903876457611094	0.004727387330601954	0	0.3350141821619918	0.9979514654900725	0.8863851244878663	0.032303813425780016	0.8324929089190041	0.23999369681689253	0	0	0.07642609517806492
NFYA_MA0060.3	0.6948275862068966	0.6591954022988505	0.9988505747126437	0.9471264367816092	0.28620689655172415	0.08103448275862069	0.6948275862068966	0.9994252873563219	0.9511494252873564	0.3201149425287356	0.10172413793103448	0.6591954022988505	0.6511494252873563	0.9988505747126437	0.9436781609195403	0.267816091954023	0.06436781609195402	0.9482758620689655	1.0	0.9994252873563219	0.6931034482758621	0.9994252873563219	0.95	0.30977011494252876	0.10459770114942529	0.6511494252873563
ELK1_MA0028.2	0.5	0.45534407027818447	0.9919472913616398	0.8168374816983894	0.16617862371888725	0.025036603221083455	0.5	0.9935578330893119	0.8597364568081991	0.1992679355783309	0.025036603221083455	0.45534407027818447	0.40644216691068813	0.9907759882869692	0.7775988286969253	0.12020497803806734	0.012152269399707174	0.7650073206442167	0.9989751098096632	0.9891654465592972	0.4978038067349927	0.9935578330893119	0.8598828696925329	0.1884333821376281	0.012737920937042459	0.40644216691068813
ZEB1_MA0103.3	0.5596081386586285	0.5030896759608139	0.9956292388847023	0.9086661642803315	0.1571966842501884	0.024415975885455916	0.5596081386586285	0.9965335342878674	0.9394122079879428	0.22275810097965335	0.04295403165033911	0.5030896759608139	0.4322532027128862	0.9930670685757348	0.8553127354935945	0.08696307460437076	0.012358703843255464	0.8765636774679729	0.9984928409947249	0.9944235116804823	0.5591559909570459	0.9965335342878674	0.9392614920874153	0.22547098718914846	0.039035418236623966	0.4322532027128862
YY1_MA0095.2	0.6582537517053206	0.6514324693042292	0.984993178717599	0.8922237380627558	0.3369713506139154	0.13369713506139155	0.6582537517053206	0.985675306957708	0.8963165075034106	0.3553888130968622	0.14938608458390176	0.6514324693042292	0.6473396998635743	0.984993178717599	0.8908594815825375	0.3096862210095498	0.09004092769440655	0.9154160982264665	0.9993178717598908	0.9897680763983628	0.6514324693042292	0.9843110504774898	0.8949522510231923	0.34379263301500684	0.12824010914051842	0.6473396998635743
NFATC1_MA0624.1	0.14316755190729116	0.1632061805890874	0.9904635441815548	0.639425398358281	0.02522935779816514	0	0.14316755190729116	0.9920328343795268	0.614799613713182	0.016175760502172863	0	0.1632061805890874	0.19036697247706422	0.9891356832448093	0.6883148237566393	0.036455818445195555	0.0039835828102366	0.6670690487687108	0.9990342829550941	0.9880492515692902	0.14316755190729116	0.9920328343795268	0.6155239014968614	0.01484789956542733	0	0.19036697247706422
MYB_MA0100.3	0.14594750504759157	0.13008364580328816	0.9933660224978368	0.5056244591866167	0.02942024805307182	0.0037496394577444477	0.14594750504759157	0.9953850591289299	0.5947505047591578	0.03836169599077012	0.004038073262186328	0.13008364580328816	0.1309489472166138	0.9875973464089991	0.446783963080473	0.021344101528699165	0	0.42313239111623885	0.9997115661955581	0.9844245745601384	0.1456590712431497	0.9956734929333718	0.5976348428035766	0.03663109316411883	0.0023074704355350445	0.1309489472166138
FOS_MA0476.1	0.0335538752362949	0.0335538752362949	0.7296786389413988	0.19896030245746693	0.012287334593572778	0.0004725897920604915	0.0335538752362949	0.7036862003780718	0.16540642722117202	0.011342155009451797	0.001890359168241966	0.0335538752362949	0.03497164461247637	0.8166351606805293	0.22306238185255198	0.011342155009451797	0.0014177693761814746	0.2533081285444234	1.0	0.8941398865784499	0.034026465028355386	0.7036862003780718	0.16493383742911152	0.010396975425330813	0.0014177693761814746	0.03497164461247637
Arid3a_MA0151.1	0	0	0.771508522004579	0.3262274230475706	0	0	0	0.6791147290765709	0.21251589926227424	0	0	0	0.2120580005087764	0.8353599592978885	0.4102772831340626	0.2120580005087764	0.2120580005087764	0.2120580005087764	0.9607224624777411	0.668532180106843	0.2120580005087764	0.6789112185194607	0.2120580005087764	0.2120580005087764	0.2120580005087764	0.2120580005087764
Gabpa_MA0062.2	0.47235387045813587	0.42869452822059456	0.9946861984776677	0.8257934798219159	0.16716932356742784	0.041648714634496625	0.47235387045813587	0.9955478960218297	0.8543731150366222	0.2050840155105558	0.056010340370529946	0.42869452822059456	0.37756714060031593	0.991813873330461	0.8031021111589832	0.12049403992531954	0.015941404566996983	0.8256498635645555	0.9989946861984776	0.993537268418785	0.4750825793479822	0.995260663507109	0.8548039638087032	0.19919574895878214	0.046531667384747954	0.37756714060031593
TCF3_MA0522.2	0.5090073393135147	0.3487285936689154	0.9968863518422418	0.8128104381347765	0.04433241900808066	0.0014085551189858404	0.5090073393135147	0.9982949069612277	0.8806434872859367	0.07398621098672993	0.004373934316850767	0.3487285936689154	0.26414115204981836	0.995477796723256	0.7723330120839202	0.0316554229372081	0.0037808584772777818	0.7651419675290978	0.9999258655200534	0.99429164504411	0.5088590703536214	0.9980725035213878	0.8809400252057232	0.07287419378753059	0.0018533619986655793	0.26414115204981836
PKNOX1_MA0782.1	0.1203056150705421	0.11080567570845293	0.9762703642317176	0.525326434086591	0.01936370618910943	0.0033552977321421353	0.1203056150705421	0.9796660872377411	0.557787929013219	0.02142539515705219	0.0037595504709544408	0.11080567570845293	0.10761207907183572	0.9740065488943688	0.5108541860371104	0.01714031612564175	0.0016170109552492218	0.6171726563447467	0.9987063912358006	0.9871043376318874	0.11973966123620487	0.9801511905243158	0.5589198366818935	0.01992966002344666	0.0027084933500424466	0.10761207907183572
Tcf7_MA0769.1	0.22371188222923238	0.23882754994742375	0.9918506834910621	0.7162197686645636	0.06296004206098843	0.012618296529968454	0.22371188222923238	0.9907991587802313	0.681782334384858	0.05822818086225026	0.01090956887486856	0.23882754994742375	0.2786540483701367	0.9936908517350158	0.7769453207150369	0.07452681388012618	0.010383806519453207	0.854758149316509	0.9997371188222923	0.995925341745531	0.2241062039957939	0.9900105152471083	0.6790220820189274	0.05375920084121977	0	0.2786540483701367
E2F4_MA0470.1	0.6516355140186916	0.5436915887850468	0.9906542056074766	0.8647196261682243	0.20373831775700935	0.033411214953271026	0.6516355140186916	0.9936915887850467	0.9119158878504673	0.28177570093457943	0.07313084112149533	0.5436915887850468	0.43014018691588785	0.983177570093458	0.8217289719626168	0.12710280373831775	0.016121495327102803	0.8324766355140187	0.9995327102803738	0.9880841121495327	0.6511682242990654	0.9939252336448599	0.8908878504672897	0.28130841121495326	0.06939252336448598	0.43014018691588785
ZNF143_MA0088.2	0.15311800447713464	0.13239526702910137	0.9946274384393988	0.5366805244643428	0.03875919411576591	0.011768468180364566	0.15311800447713464	0.9962264150943396	0.5987847777422449	0.04521905980172689	0.014454748960665174	0.13239526702910137	0.1171730092740646	0.9921330348576911	0.5116085705148705	0.03313079629037416	0.0036456667732651105	0.8834026223217141	0.9998081228014071	0.9993604093380236	0.15241445474896068	0.9967380876239207	0.6115765909817716	0.04182922929325232	0.01055324592260953	0.1171730092740646
ZBED1_MA0749.1	0.028264462809917356	0.024710743801652894	0.9547107438016529	0.2203305785123967	0.003553719008264463	0.00024793388429752067	0.028264462809917356	0.9622314049586776	0.24305785123966941	0.003553719008264463	0.00033057851239669424	0.024710743801652894	0.021900826446280993	0.9663636363636363	0.22404958677685952	0	0	0.40685950413223143	0.9995867768595041	0.9924793388429752	0.02727272727272727	0.9708264462809917	0.24735537190082646	0	0	0.021900826446280993
STAT3_MA0144.2	0.16279472954230237	0.16192787794729543	0.9882108183079057	0.665742024965326	0.025312066574202496	0.004680998613037448	0.16279472954230237	0.9819694868238558	0.6385228848821082	0.027912621359223302	0.0039875173370319	0.16192787794729543	0.1730235783633842	0.9908113730929264	0.7366504854368932	0.02617891816920943	0.004160887656033287	0.7770457697642164	0.999133148404993	0.992371705963939	0.1638349514563107	0.9705270457697642	0.6380027739251041	0.026352288488210817	0.0027739251040221915	0.1730235783633842
NR2F1_MA0017.2	0.2986039296794209	0.25484746639089967	0.9926318510858325	0.6648138572905895	0.048539296794208896	0.005299896587383661	0.2986039296794209	0.9936336608066184	0.7070191313340227	0.06198293691830403	0.008273009307135471	0.25484746639089967	0.22463159255429163	0.9903373836608066	0.6355351602895554	0.029020165460186143	0.002326783867631851	0.7072776628748707	0.9988689245087901	0.9947970527404343	0.29786065149948293	0.9936336608066184	0.6923151499482937	0.06007626680455015	0.0060431747673216135	0.22463159255429163
MAX_MA0058.3	0.18363370677057964	0.16993424257184608	0.9871529469069654	0.6134315635655139	0.029773502191914273	0.002070141256697516	0.18363370677057964	0.9905625913297613	0.6944106186069167	0.05071846078908914	0.004262055528494886	0.16993424257184608	0.13364588407208963	0.9816122747199221	0.5351315148563078	0.013943010228933269	0	0.5192401363857769	0.9989649293716513	0.9785679493424257	0.18278129566488066	0.9905625913297613	0.6942279590842669	0.04889186556259133	0.0058451047247929854	0.13364588407208963
CEBPB_MA0466.2	0.0518326545723806	0.052943354313217325	0.9814883376527213	0.43372824879674193	0.006293965198074787	0.0005553498704183636	0.0518326545723806	0.9776008885597927	0.4067012217697149	0.006108848574601999	0.0005553498704183636	0.052943354313217325	0.06590151795631248	0.9872269529803777	0.49759348389485375	0	0	0.47297297297297297	0.9996297667530544	0.9855609033691225	0.04942613846723436	0.9774157719363199	0.40762680488707886	0	0	0.06590151795631248
MAFK_MA0496.2	0.2891156462585034	0.2818270165208941	0.9159378036929058	0.531584062196307	0.14042759961127307	0.043245869776482024	0.2891156462585034	0.9329446064139941	0.5408163265306123	0.14382896015549076	0.04421768707482993	0.2818270165208941	0.2910592808551992	0.9212827988338192	0.5427599611273081	0.141399416909621	0.01652089407191448	0.8756073858114675	0.9936831875607386	0.9922254616132167	0.28765792031098153	0.9329446064139941	0.5413022351797862	0.13751214771622935	0.016034985422740525	0.2910592808551992
REST_MA0138.2	0.5311871227364185	0.42505030181086517	0.9849094567404426	0.8485915492957746	0.2323943661971831	0.16247484909456741	0.5311871227364185	0.9869215291750503	0.9225352112676056	0.2721327967806841	0.18209255533199195	0.42505030181086517	0.3460764587525151	0.9813883299798792	0.744466800804829	0.1936619718309859	0.1006036217303823	0.9834004024144869	0.9919517102615694	0.9914486921529175	0.5291750503018109	0.9869215291750503	0.9230382293762576	0.267102615694165	0.158953722334004	0.3460764587525151
SP1_MA0079.3	0.6208981508658644	0.5623128852362782	0.9964778397417082	0.8740240680950984	0.32509539184032876	0.13642500733783386	0.6208981508658644	0.9980628118579395	0.9090108599941298	0.39401232756090404	0.215086586439683	0.5630760199589081	0.49140005870267095	0.9927795714705019	0.8253008511887291	0.24948635162899913	0.08705606105077782	0.8493102436160845	0.999882594658057	0.9955385970061638	0.6205459348400352	0.9981802171998826	0.9071323745230409	0.3948341649545054	0.21620193718814207	0.49216319342530085
TBX21_MA0690.1	0.15831624807790876	0.1527101486417222	0.991318554587391	0.6367567913890313	0.023994105586878523	0	0.15831624807790876	0.9924397744746284	0.647744746283957	0.022904920553562275	0	0.1527101486417222	0.1629933367503844	0.99128651973347	0.6466555612506407	0.02469887237314198	0	0.6297091235263967	0.9993593029215787	0.9901652998462327	0.15767555099948743	0.9924397744746284	0.6481932342388519	0.021751665812403894	0	0.1629933367503844
POU2F2_MA0507.1	0.17997141690485913	0.19814209881584322	0.8556553695385872	0.43313597386688446	0.0874846876276031	0.012760310330747244	0.17997141690485913	0.8249285422621478	0.388883217639853	0.0708452429563087	0.00903429971416905	0.19814209881584322	0.23096161698652512	0.9133319722335648	0.5028583095140874	0.10468558595345039	0.019242547978766844	0.6237750102082482	0.9994385463454472	0.9638117599020009	0.17930788076766027	0.8599428338097183	0.38791343405471623	0.06905879951000408	0.006022866476112699	0.23096161698652512
ZBTB33_MA0527.1	0.6136724960254372	0.5606783253842077	0.9788023317435082	0.7837837837837838	0.31266560678325384	0.1266560678325384	0.6136724960254372	0.9883412824589295	0.8245892951775304	0.37413884472708003	0.16428192898781135	0.56120826709062	0.49973502914679385	0.9591944886062533	0.7344992050874404	0.23476417594064652	0.04080551139374669	0.8420773714891362	0.9994700582935877	0.9936406995230525	0.6104928457869634	0.9846316905140434	0.8224695283518813	0.35877053524112346	0.12135665076841548	0.5002649708532061
