motif	fimo_bg_hg19	fimo_without_overlaps	fimo_without_overlaps_1e-2	fimo_without_overlaps_1e-3	fimo_without_overlaps_1e-5	fimo_without_overlaps_1e_6	fimo_without_overlaps_bg	fimo_without_overlaps_bg_1e_2	fimo_without_overlaps_bg_1e_3	fimo_without_overlaps_bg_1e_5	fimo_without_overlaps_bg_1e_6	fimo_with_overlaps	moods_without_overlaps	moods_without_overlaps_1e-2	moods_without_overlaps_1e-3	moods_without_overlaps_1e-5	moods_without_overlaps_1e_6	moods_without_overlaps_bg	moods_without_overlaps_bg_1e_2	moods_without_overlaps_bg_1e_3	moods_without_overlaps_new_bg	moods_without_overlaps_new_bg_1e_2	moods_without_overlaps_new_bg_1e_3	moods_without_overlaps_new_bg_1e_5	moods_without_overlaps_new_bg_1e_6	moods_with_overlaps
JUND_MA0491.1	0.10994985484296649	0.10862051438446681	0.00783395383295823	0.033236004175910216	0.17795409464437517	0.15158924205378974	0.10994985484296649	0.007792027569299088	0.033211078995733244	0.1749001996007984	0.15942028985507245	0.07343642611683848	0.10397091458520233	0.0075847734909284485	0.03247386978969903	0.18466898954703834	0.18614718614718614	0.029532938451081302	0.0018115640339227204	0.006757612788986707	0.1103448275862069	0.007786268714659075	0.03317642872163181	0.17759706190975866	0.19870410367170627	0.07141698829176532
USF1_MA0093.2	0.1383737517831669	0.16149644439863958	0.005004749771716398	0.026267270071594472	0.5298231180584122	0.7716701902748414	0.1383737517831669	0.0047207053238150784	0.023628893306825712	0.4794359576968273	0.7603686635944701	0.15135709456196272	0.1795248591721773	0.005122971153164646	0.02799730521078952	0.5553109521188773	0.7880184331797235	0.02448333695512874	0.0013703951914703146	0.00457622615620544	0.13834175084175085	0.004752669175819955	0.023598679364271822	0.4799759108702198	0.7912844036697247	0.16866083755177175
Atf3_MA0605.1	0.02324514451751032	0.022867513611615244	0.0014669893129143044	0.006555460188329539	0	0	0.02324514451751032	0.0014047931412405586	0.0072154885898909026	0	0	0.022625246902495958	0.02341701011614837	0.0013560837170146197	0.006361679094038511	0.09032258064516129	0.09032258064516129	0.00837055901139732	0.0003289608156689231	0.0021472650720083695	0.02390438247011952	0.0014050282949587456	0.00722647066102408	0.08714596949891068	0.08714596949891068	0.023173896922506487
ATF7_MA0834.1	0.573982632385493	0.5796024200518582	0.0597953906338366	0.24891050583657587	0.8696969696969697	0.9351851851851852	0.573982632385493	0.058315273399612025	0.24471276294689182	0.8601997146932953	0.9533333333333334	0.48467765250072276	0.563023855577047	0.05705385550798754	0.23798598513143385	0.8770949720670391	0	0.16158705530311426	0.011592628465694876	0.029139543464693905	0.574464409122322	0.05819772826066413	0.2449230187966374	0.8640132669983416	0	0.46591970121381887
ETS1_MA0098.3	0.08083937047214589	0.08536220613746485	0.003487572497947547	0.018273535531874645	0.2815608263198164	0.3562231759656652	0.08083937047214589	0.003137548347289844	0.016157827540354837	0.2743156668608037	0.3455056179775281	0.08499612841741616	0.08575152637716951	0.003776756151970087	0.01923250752682191	0.24635568513119532	0.31896551724137934	0.02022703512297118	0.0009039452265689275	0.0039785692195819155	0.08116262697375037	0.0032203705278830695	0.016172764173719257	0.27095148078134845	0.32608695652173914	0.08544671542825893
RELA_MA0107.1	0.17205071269966335	0.1849401122372058	0.014196936918164602	0.06641128166595105	0.44673091951028915	0.5404699738903395	0.17205071269966335	0.012782001825082212	0.058752247674145885	0.4199693453032625	0.5404699738903395	0.1670575773624877	0.20287776898734178	0.01562829180472296	0.07232840513019113	0.4658441167619621	0.5304347826086957	0.07635755919254454	0.0036759561069679334	0.016508624388569468	0.1608564370024705	0.01277680555083972	0.058791310131286995	0.42572671091783015	0.5304347826086957	0.1845205972297176
NFYB_MA0502.1	0.28733283803863297	0.29853605144342593	0.009056814512218387	0.06695649686811772	0.4202114580772068	0.351461038961039	0.28733283803863297	0.008468554892356806	0.0611802509435887	0.43965702036441584	0.402787456445993	0.2978839590443686	0.29522595268451624	0.009286144713371896	0.06860410668207585	0.38877980364656384	0.3107822410147992	0.024894010554171182	0.00296276927269998	0.003999867201042191	0.2877877877877878	0.008442984305713625	0.061259826159227065	0.43609022556390975	0.41563467492260064	0.2945791221994487
NRF1_MA0506.1	0.05852464685696044	0.09473660267491583	0.004118639728227038	0.01959561770731273	0.4240415105217642	0.7687471935339021	0.05852464685696044	0.0032705137570002434	0.01442706447203953	0.23541923974200632	0.6529709228824273	0.07765306883436499	0.15660246752717943	0.00546101478427471	0.028948974120344403	0.6130412890231621	0.8442256042972247	0.025754035106787674	0.0014883589071193167	0.004918633810596914	0.05850242317729137	0.003254805312628024	0.014460406591914218	0.22822381175212247	0.6549226210075733	0.13002028397565923
MYC_MA0147.3	0.06987356212567734	0.09575529203147512	0.0034298502535440507	0.021701636538112405	0.21776765375854215	0.28150134048257375	0.06987356212567734	0.00274968416309564	0.014678267006666974	0.1945727482678984	0.25726744186046513	0.07720144752714113	0.1257991338420293	0.004266439887629713	0.028313375279074487	0.2337448559670782	0	0.022343209136253372	0.0010393977073955938	0.0032135895093476433	0.07014417109576399	0.0027464045601375046	0.014650386595776797	0.19532908704883228	0.26277372262773724	0.10150594891421916
SRF_MA0083.3	0.07054202670856245	0.06787399178207275	0.0030735481824316945	0.014595583823352935	0.22396416573348266	0.46808510638297873	0.07054202670856245	0.0032282558639203903	0.015457177547398898	0.22310305775764439	0.47368421052631576	0.05419198055893074	0.05892857142857143	0.002584045500663389	0.011844208690597297	0.20787746170678337	0.3488372093023256	0.004979258499470913	0.0008553699681506599	0.0011922014931191865	0.06971267074894018	0.002977571002013749	0.014481628555822914	0.22371967654986524	0	0.04822043628013777
RUNX3_MA0684.1	0.5229547259729944	0.5241575314656922	0.045485393975634	0.24447647864809316	0.644614543466375	0	0.5229547259729944	0.03886452060759232	0.21785729007790922	0.6468305304010349	0	0.5240055665081758	0.5157195008990356	0.0525501513652626	0.2604464796794505	0.6245815399330464	0	0.26938509551081996	0.015351868289647325	0.05580385170102656	0.5224348578224673	0.03884070879429964	0.21706828719966278	0.6483594864479315	0	0.5154947987582376
TBP_MA0108.2	0.11356085774690426	0.10215882806476484	0.02477350659609506	0.061759029500964985	0.17718120805369128	0.31645569620253167	0.11356085774690426	0.028122502129639706	0.0682976397592031	0.1884892086330935	0.40540540540540543	0.10105504004067624	0.08585452204699066	0.020461473759002344	0.052332830238204606	0.14952153110047847	0	0.036472538818283017	0.00665296383993046	0.012039239621117434	0.11426332288401254	0.028046768926940382	0.06821267666481516	0.18736842105263157	0	0.0838243381255401
Crem_MA0609.1	0.5519591141396933	0.5340589887640449	0.04821396570199724	0.2111812979159918	0.6994949494949495	0	0.5519591141396933	0.04963851322616314	0.21882902693787795	0.6994949494949495	0	0.4896973599484868	0.507410021171489	0.044780469233011065	0.19979640480683286	0.6858407079646017	0	0.19983134502343808	0.008037110802746774	0.04784202324170575	0.5533913043478261	0.04961215713160594	0.2168377042949449	0.7194029850746269	0	0.4670347515427087
MEF2A_MA0052.3	0.14918325676365493	0.1391779032333318	0.019898178462627515	0.06536460446704719	0.3069230769230769	0.3377659574468085	0.14918325676365493	0.024523736719729603	0.08025896753731833	0.3479973736047275	0.45161290322580644	0.12948734644267917	0.11536388140161725	0.01429865314124968	0.04866911492584052	0.24244332493702772	0.31291028446389496	0.04086653014437876	0.004682624258122412	0.011583775204161848	0.14963268462430726	0.02370791004806907	0.07861987225916903	0.3464746019711903	0	0.10261328218652602
RFX5_MA0510.2	0.060979365568216815	0.062154858418517214	0.007036372309426921	0.024495812395309884	0.1399282419272168	0.21077654516640254	0.060979365568216815	0.006490649064906491	0.02514384618983019	0.13445378151260504	0.21300138312586445	0.038291711907347085	0.06131052758371477	0.00693967370966751	0.022838543067735514	0.14022346368715083	0.2099009900990099	0.013787008066350675	0.0018586596000796723	0.002763047845230669	0.06109557833695765	0.006392995413063575	0.02505270268696351	0.13549337260677466	0.21955128205128205	0.03779328779328779
ELF1_MA0473.2	0.34708827893175076	0.3674681753889675	0.017197053830148457	0.1016343432688126	0.7274193548387097	0.8375451263537906	0.34708827893175076	0.015758901582434294	0.09285372388712526	0.719418651594671	0.8337874659400545	0.3673019284058135	0.3698674218046081	0.018656681921139	0.1048718705594036	0.7324246771879483	0	0.08281645412593658	0.005702919487566854	0.013817307823616972	0.3462926964732019	0.01564076651199618	0.08956210499161615	0.7231985940246046	0.8821138211382114	0.36974843981213407
ETV6_MA0645.1	0.006938557659100186	0.007905138339920948	0.00034184579261438425	0.0017136967419065082	0.03125	0.037209302325581395	0.006938557659100186	0.000317217786994301	0.001519471549754724	0.027577937649880094	0.03914590747330961	0.007868245458402437	0.008327189139957497	0.0003575127868220131	0.0018819727557591636	0.027624309392265192	0	0.0019754761595945284	0.00012552927595563916	0.0003763583318747142	0.006961506961506962	0.000317041832835522	0.0015102177318571453	0.027813993915688832	0.034482758620689655	0.008289797504425543
MEF2C_MA0497.1	0.12935042975905311	0.10909511534139732	0.01062734256132408	0.03652531987944491	0.24580559254327564	0.3186372745490982	0.12935042975905311	0.012261724393079878	0.04490473092974134	0.29910903691132795	0.4074074074074074	0.10667657704239918	0.08314497901194705	0.008916011702741236	0.02744165371771151	0.1325607687959299	0.27362637362637365	0.016291103647582596	0.0035250257738221277	0.005758265670017932	0.12980564619094906	0.012270055203035353	0.04490339188813643	0.2985760220486909	0.41228070175438597	0.0805291749716653
STAT1_MA0137.3	0.0077405646058889	0.0070893659510733896	0.0011626515150881028	0.004356081089200524	0.01023102310231023	0.015822784810126583	0.0077405646058889	0.0012148234701445544	0.004690082239742895	0.009624639076034648	0.009615384615384616	0.006210636808957313	0.006494661921708185	0.0010443649827929858	0.0038504813101637703	0.009478672985781991	0.008771929824561403	0.0035910224438902745	0.00034335974370199273	0.0009495583504621568	0.007723577235772358	0.0011543980585648661	0.004684115758983325	0.010087424344317418	0.0	0.00551421988896023
PAX5_MA0014.3	0.10006014371181665	0.11458388235914194	0.013213454720862458	0.05215496988595105	0.263782866836302	0.41358024691358025	0.10006014371181665	0.010955990757185547	0.039725099684189434	0.20799719396702912	0.3741258741258741	0.11438493107439755	0.15262172284644196	0.01633449094826593	0.06778107764106915	0.2864583333333333	0	0.0558544285763133	0.004910227130779909	0.012539941375053211	0.10039345094555147	0.010954562747076435	0.039698624093528555	0.20866290018832392	0.3706896551724138	0.15246310538349617
Tcf12_MA0521.1	0.10245017606607548	0.10780491141664957	0.009651861315451794	0.04476967176712827	0.15243806217453054	0.1774891774891775	0.10245017606607548	0.008785105302399966	0.038908077622599326	0.14858279462953755	0.18322295805739514	0.09475729711320792	0.11571685486010791	0.010613133039405899	0.04934975911640615	0.16406049730838246	0.18777292576419213	0.04534554081484082	0.0035195438122916736	0.009422579365377432	0.10255131260507307	0.008827950470464153	0.04184278814699374	0.15015228426395938	0.18313953488372092	0.10094077729796422
USF2_MA0526.2	0.18186046511627907	0.23588062555487263	0.007086326751747112	0.0445384942223259	0.616852886405959	0.7873563218390804	0.18186046511627907	0.0058281232442212155	0.03260048133378289	0.5383177570093458	0.7839586028460543	0.20107113750145536	0.29128839096001546	0.00848588110623974	0.0550872250514682	0.652530779753762	0.8217821782178217	0.020202159874998273	0.0023128290024367107	0.003579274636541298	0.18184365368450547	0.0058288222605857535	0.03255606006061802	0.5385362694300518	0.7816793893129771	0.25148003001751024
EGR1_MA0162.3	0.18527350391904782	0.2498301399646691	0.011945401138799413	0.059593666832903756	0.5592119052609515	0.8301886792452831	0.18527350391904782	0.010081242029513573	0.04432051950986876	0.46380338240661884	0.7506448839208942	0.24336751571286802	0.31442286711760853	0.013472026238511117	0.07710996234258796	0.6730392156862746	0	0.041726221821008554	0.004573985397650675	0.007827131886068312	0.18046346601618804	0.009855430502174871	0.045614812864970454	0.4660817990856296	0.7502448579823702	0.3086062941554271
BHLHE40_MA0464.2	0.6149099737001821	0.6478552087786803	0.05215771859219343	0.277428121870977	0.814785373608903	0.75	0.6149099737001821	0.04256971838493991	0.23843350423126813	0.7998749218261413	0.6997167138810199	0.563181367690783	0.6723549488054608	0.060771257321658466	0.3064129485440321	0.8411214953271028	0	0.34191208985584154	0.010813711089023565	0.06483236258268454	0.6158743197453538	0.04247255848522137	0.23777645440170853	0.7940176750509857	0.704225352112676	0.5836761559980254
HSF1_MA0486.2	0.05356769198577108	0.051001095726666	0.002610549759254924	0.011404255319148937	0.1780923994038748	0.2952755905511811	0.05356769198577108	0.002597292269713623	0.011788500433400751	0.1810344827586207	0.29515418502202645	0.04853540619963977	0.044036385275865	0.002441246387951773	0.010494251943005182	0.15666456096020215	0.3333333333333333	0.007504305281525495	0.0006262716128608828	0.0015217473813413003	0.053786345723719244	0.002531168736481396	0.01187304529132399	0.18967052537845058	0.35398230088495575	0.04177082493347311
JUNB_MA0490.1	0.3387042144481541	0.3439055610866164	0.026540244729580317	0.12275822309478178	0.39864537977745523	0.36482084690553745	0.3387042144481541	0.026525611696259565	0.11709830749411398	0.38994212731989625	0.35233918128654973	0.2784494338898484	0.34151347102746604	0.026027638662293292	0.12204131264387155	0.447021484375	0.38953488372093026	0.11389664756779644	0.006427053441913095	0.023232480565428208	0.33942190915715326	0.026521414041964276	0.11694221591832513	0.3960855528652139	0.3683304647160069	0.27993272740284836
CTCF_MA0139.1	0.2559806790613679	0.3646432236102741	0.02270427421132499	0.08997631926788523	0.7774473709053148	0.94804097581582	0.2559806790613679	0.02016677401841114	0.06534675240611106	0.6508708835766166	0.904338776817163	0.3559516049539738	0.4814228341939185	0.02556757913854489	0.1214060739156818	0.8579218600191755	0.9710486216927552	0.03178122867302834	0.012230605317503647	0.012821856699429698	0.25572003918580605	0.020241549408936146	0.06550746152630905	0.6500990519315126	0.904121791238157	0.47652470187393525
EBF1_MA0154.3	0.23503382911302065	0.2879184742571826	0.018153580368444635	0.08190839298981184	0.5680597014925373	0.676056338028169	0.23503382911302065	0.01565243743318209	0.0641927690416649	0.5318155283129014	0.6944444444444444	0.22234513274336284	0.3338385539463343	0.019825599200528683	0.09955142248252634	0.5947826086956521	0.6559139784946236	0.057089169553399176	0.006181352727769339	0.01143164252756682	0.2345679012345679	0.014794426422719938	0.06349697225507445	0.5331491712707183	0.6927966101694916	0.2641350210970464
CUX1_MA0754.1	0.12403951701427003	0.10749185667752444	0.011572244413600195	0.04728247623689983	0.23529411764705882	0	0.12403951701427003	0.013473183943582798	0.052888950544496084	0.21739130434782608	0	0.10592011412268189	0.09859727586907908	0.009409875153160911	0.03851571058443026	0.1271186440677966	0	0.04004671488848704	0.001977519416880016	0.009940410552209686	0.12725015518311608	0.013455998655164246	0.053175517614608425	0	0	0.09640230570463129
NFYA_MA0060.3	0.06746275319457619	0.07459192300188594	0.0015715450874296286	0.013843155701901753	0.13195548489666137	0.23421926910299004	0.06746275319457619	0.001410535622310634	0.012103350178076481	0.13625244618395305	0.16557530402245088	0.074475683397182	0.0774912796662335	0.0016361727866244288	0.014418559724624828	0.12855172413793103	0.25	0.012562909722169347	0.00042262993866765185	0.0014317588651314435	0.06780232754258728	0.001409170874326106	0.012102796895592327	0.1362143037654789	0.177734375	0.07736957115542202
ELK1_MA0028.2	0.2243610800867223	0.26152034981500166	0.006419117695825726	0.05204388141569805	0.6151761517615176	0.7339055793991416	0.2243610800867223	0.005401713647088042	0.04148709180573415	0.5764506565014824	0.7339055793991416	0.2603599832565927	0.2908938488944776	0.007426152743681954	0.06140452296166119	0.661563255439162	0.7155172413793104	0.06560032141018719	0.0016869356071731974	0.00792130286437876	0.22509102946044357	0.005403085634846638	0.04128037337194509	0.5815634884771803	0.7435897435897436	0.2897098726779378
ZEB1_MA0103.3	0.0585065313647322	0.07026628775918324	0.00505299680344026	0.025126800948558615	0.1370925341745531	0.18859138533178113	0.0585065313647322	0.004287448384620173	0.01968369660643344	0.11828731492597039	0.16627771295215868	0.06998637173707936	0.0803226348512855	0.0059305169153391485	0.0322347942653307	0.15128474042999476	0.1752136752136752	0.029183162479364554	0.0017208382209467962	0.005373178571457656	0.058640365435377054	0.004282780076133994	0.01964932636736547	0.11912724956203218	0.1738255033557047	0.08004465531677366
YY1_MA0095.2	0.03669759659263766	0.039623267778607585	0.0013076879190102868	0.008028135299858219	0.12433929020891014	0.1696969696969697	0.03669759659263766	0.0012876676195704092	0.007649407956781427	0.11432960280886548	0.16186252771618626	0.03953305460115081	0.03892854212814833	0.0014083064724556124	0.008022901513662277	0.1301232444826598	0.18857142857142858	0.006022798671573467	0.00038280567555794905	0.0010453069607646085	0.036386496990017524	0.0015141975697286407	0.007631856018521212	0.11410459587955626	0.16179001721170397	0.038842501637197116
NFATC1_MA0624.1	0.08551445670199725	0.0808419038507534	0.006385318359288362	0.037886319584015796	0.10696008188331628	0	0.08551445670199725	0.006037603883814696	0.03936922660688749	0.10551181102362205	0	0.08068751492002865	0.07159720330518478	0.00607955957693863	0.03427959936995756	0.10158089471913892	0.09593023255813954	0.03551528005398631	0.0019255167497388942	0.006397880140385983	0.08596694694114236	0.006040373036033493	0.03928442105749748	0.10732984293193717	0	0.07142857142857142
MYB_MA0100.3	0.02943058221369162	0.03139793929267613	0.003183273947342881	0.020758828126850294	0.05947521865889213	0.06372549019607843	0.02943058221369162	0.0026660486316318057	0.016301555051347526	0.054777594728171335	0.054474708171206226	0.03135864274787929	0.030987645894478194	0.003804837610997581	0.0241566988444084	0.06870937790157845	0	0.025269576601095533	0.0008221762716512151	0.0041225881108085975	0.029674462333999296	0.0026999060664198793	0.016183454136465884	0.056045895851721095	0.06722689075630252	0.03094540249471747
FOS_MA0476.1	0.003436592449177154	0.003288407206706498	0.0019258810219642739	0.0032566234770837364	0.005536626916524702	0.002531645569620253	0.003436592449177154	0.002095769192333623	0.003069636905805999	0.005138086062941554	0.009009009009009009	0.0023664300236643	0.0031498744306814796	0.0017615882022523454	0.003220787728252859	0.005103125664469487	0.008522727272727272	0.0033089279320435098	0.0005399818815153178	0.0016928240187749574	0.003480446657321023	0.0020956069660283674	0.0030596053196805385	0.0049172999552972736	0.0084985835694051	0.0022075713731690583
Arid3a_MA0151.1	0	0	0.017874339760976087	0.07153934552432806	0	0	0	0.03106823233675096	0.07762497677011708	0	0	0	0.07782653347026422	0.013374496491220925	0.06335239771227452	0.07782653347026422	0.07782653347026422	0.07782653347026422	0.006117592021439272	0.031940882628195	0.07782653347026422	0.03112673460866482	0.07782653347026422	0.07782653347026422	0.07782653347026422	0.07747211895910781
Gabpa_MA0062.2	0.09450334741257937	0.1182787177556762	0.00447492048067598	0.02369912416280268	0.3321917808219178	0.43609022556390975	0.09450334741257937	0.0038835103751688393	0.01928531832607716	0.28071554943974836	0.40289256198347106	0.11744570349386213	0.15105722822339693	0.00490346089479286	0.028480335733857578	0.3989538754160723	0.4911504424778761	0.02522132823262058	0.0017651135308538344	0.004375360107062873	0.09476880765484444	0.003690773864208281	0.019309691505617396	0.2838722881702824	0.40601503759398494	0.15019424131627057
TCF3_MA0522.2	0.11241179456114213	0.11013814095059705	0.009268257716425914	0.05415283704757389	0.1649655172413793	0.14074074074074075	0.11241179456114213	0.007752955576819665	0.04275189934463163	0.15699229196161713	0.22180451127819548	0.10967335804714276	0.11611915004562638	0.010932155990826368	0.06272804999939789	0.15826538176426982	0.2170212765957447	0.06463430672018937	0.0035347866456976527	0.01157089676175358	0.11253012443234914	0.007529195696452	0.04271326077267042	0.1592160673793327	0.21551724137931033	0.11589630159711153
PKNOX1_MA0782.1	0.1594769840844542	0.1624488828305577	0.027381480141907496	0.10031263267590412	0.2533051295610788	0.36403508771929827	0.1594769840844542	0.025687147628491388	0.09747516848693785	0.24435223605348086	0.3333333333333333	0.1312865216974806	0.1614605446715594	0.02771910448448034	0.10021888432439291	0.25118483412322273	0.41237113402061853	0.08810036297326462	0.007300046539458813	0.02097631166376737	0.16009080099448708	0.02553826157390096	0.09731890841774067	0.24321657622101628	0.3582887700534759	0.13095882324002558
Tcf7_MA0769.1	0.09806407006222632	0.09170746479584112	0.0057786957117728095	0.030464486984524555	0.2118531623175586	0.35294117647058826	0.09806407006222632	0.006209527481154356	0.03251507591239046	0.22339889056984366	0.3577586206896552	0.09123776048204871	0.08078652541727002	0.005140961631833705	0.025886495316256683	0.19491234101065658	0.33617021276595743	0.020423225255329573	0.002074797457650236	0.0041072314267981	0.0985549132947977	0.006200876454205144	0.03235808106432155	0.21895074946466808	0	0.0802088456736408
E2F4_MA0470.1	0.039037021485058436	0.05115409980215432	0.003292421374026833	0.016053822163036736	0.11040769815143074	0.11827956989247312	0.039037021485058436	0.002715328485794165	0.011577445486931992	0.09893355209187858	0.108983286908078	0.04962996139654915	0.07324447980903123	0.004234951229625336	0.02203716931714225	0.13952295460374456	0.1988472622478386	0.020187426343939805	0.0012305515045347463	0.0037851461877339426	0.03907630184234878	0.0027224624269466184	0.01365096072260947	0.0996276375672321	0.11216012084592145	0.0724774615172631
ZNF143_MA0088.2	0.0944415953292043	0.09923298178331735	0.0136193773323326	0.049609790705924084	0.23877068557919623	0.48936170212765956	0.0944415953292043	0.012645895442411488	0.047442647707175184	0.22718508997429307	0.4448818897637795	0.09880196649324614	0.09929001138149694	0.014401687500464212	0.05143422990116963	0.24262295081967214	0.5089285714285714	0.029070795342611068	0.00592939648514844	0.007240242122964102	0.09289361868007641	0.012633067118032925	0.04737462717625026	0.22551724137931034	0.4940119760479042	0.09893077006156173
ZBED1_MA0749.1	0.1892639734366353	0.1970995385629532	0.0217486256495218	0.08127553197975733	0.524390243902439	0.75	0.1892639734366353	0.020223583237510293	0.07970621713914033	0.5	0.5714285714285714	0.16959727736812252	0.19687964338781574	0.020069650767823338	0.08110695587135378	0	0	0.06746608195148691	0.0036805641563870035	0.010780071813285459	0.18998272884283246	0.018373146770896385	0.07887732244037422	0	0	0.17185473411154345
STAT3_MA0144.2	0.035693921769871136	0.03581013725941262	0.004721806878098686	0.021655641463786016	0.04094223219293326	0.057203389830508475	0.035693921769871136	0.005587909437193733	0.02264329585067598	0.041019108280254776	0.04572564612326044	0.03280070237050044	0.035609790908442164	0.004034575215353836	0.019482782337567058	0.04388259226968905	0.0525164113785558	0.01781073412651105	0.0015314155429509842	0.0037142228650518493	0.035915171784737	0.00615580859591922	0.0226667980683946	0.04083825900053734	0.04664723032069971	0.03190129139496228
NR2F1_MA0017.2	0.2932216298552932	0.2953005055233102	0.02831714166130427	0.1978952228870462	0.3416742493175614	0.47953216374269003	0.2932216298552932	0.025982992366592836	0.18490221598688325	0.34428289355591457	0.4663023679417122	0.2946825604424349	0.2965823270896446	0.030996343554186706	0.2040295472465452	0.38925010836584306	0.5538461538461539	0.18634947124636003	0.010238904458092342	0.023074017051221123	0.2936098369011213	0.025978667531861826	0.19095795413015768	0.3454748188069132	0.5	0.2960013626879019
MAX_MA0058.3	0.30700325732899025	0.31672719019518836	0.01943026293712998	0.10690902917051327	0.3553779069767442	0.3238095238095238	0.30700325732899025	0.016342377273960082	0.09388453971468319	0.3810612991765782	0.37037037037037035	0.23293273243198132	0.32595782595782596	0.02264640729539641	0.11378082723800893	0.3555900621118012	0	0.11681711710477652	0.004234144281943892	0.02418788047526958	0.3069215826602597	0.01627792030032458	0.09388766746539529	0.3825631252977608	0.3983402489626556	0.2520381214835228
CEBPB_MA0466.2	0.07534983853606028	0.07436297451898076	0.007048713496784075	0.030762968895657997	0.3119266055045872	0.2727272727272727	0.07534983853606028	0.007757483525813721	0.03203371048641082	0.28695652173913044	0.2727272727272727	0.05621069182389937	0.06708121349161485	0.005967560551213262	0.028624369049900966	0	0	0.029344205811416103	0.0013922933469262418	0.006361633281235811	0.07516891891891891	0.007758761302002436	0.03194452503916904	0	0	0.05476923076923077
MAFK_MA0496.2	0.04004307153913453	0.04208082420372923	0.0025200804286676865	0.009966656341672285	0.1707028942705257	0.483695652173913	0.04004307153913453	0.0025469426738918477	0.00981325715494895	0.15991356023770933	0.4482758620689655	0.02618037374740453	0.03746559919939955	0.002260808596796234	0.008648389169770124	0.15495207667731628	0.4533333333333333	0.002815119158276247	0.0008927990625828131	0.0010101954545162217	0.0400568374044252	0.002541336425292651	0.009801678779453428	0.1615296803652968	0.4125	0.022966030212407024
REST_MA0138.2	0.017229283255290335	0.022796557584913803	0.0016152396791299154	0.006383043126215502	0.09030492572322127	0.33094262295081966	0.017229283255290335	0.001456707499519257	0.004839599215742155	0.059818664307828395	0.23583061889250814	0.022333227613912675	0.028611827330949014	0.0017934672198132624	0.007739250024838809	0.12343699903815325	0.44642857142857145	0.0017182190988621962	0.0009575706839637988	0.0009687541163448627	0.01715003015927357	0.0014558881474231447	0.004839568948692657	0.05975692099932478	0.23252391464311994	0.028263906006080027
SP1_MA0079.3	0.06463973598973294	0.0750370132464338	0.010525963319420666	0.032138786717090605	0.13564885122226034	0.21356368314648042	0.06463973598973294	0.009298454013068808	0.026516001212355755	0.11195623165198826	0.17655278754878811	0.06578694686016845	0.08781721095643234	0.012262038723448684	0.0391216753950012	0.1617137856245957	0.25595443562305836	0.03716118161667065	0.004660231044367271	0.011118300845132474	0.06468529328976515	0.009419501869885237	0.027108814180157044	0.11185578154362974	0.17558998808104886	0.0779537149817296
TBX21_MA0690.1	0.26467437874892885	0.2729615208428768	0.028532465879983846	0.13813064628214036	0.408619749045281	0	0.26467437874892885	0.02696816224770666	0.13350588297436847	0.39788536449638284	0	0.27275848257710134	0.27329859805554063	0.028775078461001975	0.13721425027020046	0.40324267782426776	0	0.14105600045925543	0.00811158605221151	0.030377514997601957	0.2654943632342629	0.02699840955140635	0.13350488255476378	0.40464839094159716	0	0.27303461228870407
POU2F2_MA0507.1	0.2048570764582849	0.17416662927901655	0.01740228085728344	0.05372246138262851	0.3845636078079426	0.43936731107205623	0.2048570764582849	0.01997678727477909	0.06256672196035279	0.40162037037037035	0.47074468085106386	0.1703154477251788	0.1325153014906141	0.014695628678732073	0.043651637601020844	0.345926800472255	0.41935483870967744	0.03370808210638967	0.006198066542563951	0.01131746622530766	0.2053065279644673	0.019661478998814336	0.06249588842839287	0.40412186379928317	0.5175438596491229	0.1289137061622176
ZBTB33_MA0527.1	0.04169817435454251	0.06988110964332893	0.0027921770666569914	0.015054048001954277	0.33408833522083803	0.8415492957746479	0.04169817435454251	0.002179466503995494	0.010944720719706829	0.18111852231913803	0.6326530612244898	0.061634268420439994	0.12081998718770019	0.0037184649519270275	0.02143718872768893	0.5051311288483467	0.9166666666666666	0.009959510109936946	0.0006490594660298588	0.0015934392793405287	0.04176182707993475	0.0024684272478231874	0.010984033518287849	0.1807743658210948	0.6361111111111111	0.11037063018823805
